# Camera: 	px   	py   	pz 	lx  	ly  	lz 	ux  	uy  	uz 	sc_dist	sc_width
cam 	  	2.5    	2	-5 	1   	0   	2  	0   	1   	0  	1.7	2
# Settings: 	bgr  	bgg  	bgb	sh_rays	rec_max SS
set 		0.4  	0.6  	0.8   	4 	10  5

# Material:	dr    	dg    	db	sr   	sg   	sb 	rr   	rg  	rb	phong 	trans	
mtl		0.4	0.3	0.9	0.5	0.5	0.5	0.5	0.5	0.5	1	0	
mtl		0.4	0.1	0.2	1	1	1	0.8	0.8	0.8	55	0.05	
mtl		0.8	0.3	0.4	0.5	0.5	0.5	0.4	0.6	0.3	100	0	
mtl		0.4	0.5	0.4	0.5	0.5	0.5	0	0	0	2	0	
mtl		0.5	0.3	0.5	0.5	0.5	0.5	0.5	0.5	0.5	3	0	
mtl		0.4	0.07	0.07	0.5	0.5	0.5	1	1	1	30	0
mtl		0.8	0.07	0.5	1	1	1	0.4	0.4	0.4	30	0
mtl		0.4	0.3	0.1	1	1	1	1	1	1	15	0
mtl		0.9	0.3	0.9	0.5	0.5	0.5	0.4	0.6	0.5	30	0
mtl		0.8	0.3	0.4	0	0	0	0.1	0.1	0.1	30	0
mtl		0.5	0.3	0.6	1	1	1	0.2	0.2	0	30	0.5
mtl		0.3	0.1	0.1	0	0	0	0	0	0	1	0

# Plane:	nx	ny	nz	offset	mat_idx
pln		0	1	0	0	1

# Spheres:	cx   	cy   	cz  	radius 	mat_idx
sph		-8	0	15	5	2
sph		8	0	15	7	2

sph		-6	0	0	0.5	3
sph		-4	0	0	0.5	1
sph		-2	0	0	0.5	7
sph		0	0	0	0.5	2

sph		4	0	0	0.5	2
sph		6	0	0	0.5	3

sph		-4	0	2	0.5	1
sph		-2	0	2	0.5	2
sph		0	0	2	0.7	3
sph		2	0	2	0.5	2
sph		4	0	2	0.5	2
sph		6	0	2	0.6	2

sph		-2	0	4	0.3	5
sph		0	0	4	0.5	7
sph		2	0	4	0.2	5
sph		4	0	4	0.5	2
sph		6	0	4	0.5	2

sph		-8	0	8	0.5	3
sph		-6	0	8	0.5	2
sph		-4	0	8	0.5	3
sph		-2	0	8	0.5	2
sph		0	0	8	0.8	3
sph		2	0	8	0.5	6
sph		4	0	8	0.5	3
sph		6	0	8	0.5	2
sph		8	0	8	0.5	5

sph		-4	0	-2	0.5	3
sph		-2	0	-2	0.5	2
sph		0	0	-2	0.5	3
sph		2	0	-2	0.5	3
sph		4	0	-2	0.5	3
sph		-4	0	-4	0.5	2
sph		-2	0	-4	0.5	3
sph		0	0	-4	0.5	2
sph		2	0	-4	0.5	3
sph		4	0	-4	0.5	2

sph		-4	0	-6	0.5	3
sph		-2	0	-6	0.5	2
sph		0	0	-6	0.5	3
sph		2	0	-6	0.5	2
sph		4	0	-6	0.5	3

sph		-12	15	0	3	2
sph		30	13	-10	7	3

trg	       -20 0 60        0 20 60      10 0 60		                     2
trg                  -1 -0.5 -0.7        -0.2 2 -1    -0.6 -0.5 -0		2
trg	       1.5 0 1        0 1.5 1      1 0 5		              2
trg    -13	10	2          -12	30	0      -15	8	12                            8
trg    34	17	-8          16	14	-4        27	4	-20     7
trg                  1 0.5 0.7        0.2 -2 1    0.6 0.5 0		2                        2
trg	       1 0 -1.5        1.25 1 -1.5    0.5 0.5 -1.5		                     11
trg                  -0.3 -0.3 10.5   0 0.3 9  0.6 -0.3 10.5	11



# Lights:	px	py	pz	r	g	b	spec	shadow	width
lgt		0	5	3	1	1	1	1	0.8	4
#lgt		-3	3	-3	0.5	0.5	0.3	1	0.8	1
#lgt		-3	3	3	0.5	0.5	0.3	1	0.8	1
#lgt		3	3	-3	0.5	0.5	0.3	1	0.8	1
#lgt		3	3	3	0.5	0.5	0.3	1	0.8	1